180057081 4,75
200037960 1,20
202016865 2,20
202017147 5,75
202021346 1,75
202037408 0,10
202061207 1,35
211039724 4,25
211041141 0,50
211041212 3,80
211044822 2,30
211062179 5,75
211062464 0,20
211062740 2,50
212005417 0,50
221007635 3,25
221008202 3,45
221008712 0,90
221022560 6,00
221022758 5,75
221024144 2,60
221026309 2,05
221030259 0,10
221031345 1,80
222006122 2,05
222006196 5,15
222006230 0,50
222006276 2,05
222006356 3,00
222006688 5,05
222006740 2,10
222006777 1,55
222006786 1,10
222006839 4,00
222008682 4,20
222008824 2,50
222009616
222014017 1,35
222014376 5,25
222015005 2,75
222022037 3,95
222024819 5,00
222025861 1,10
222031448 3,90
222034388 5,00
222037728 5,25
231000333 1,10
231000530 0,00
231005367 2,35
231011159 5,00
231011300
231012165
231012254 5,50
231013609 6,50
231031269 4,25
231034322 7,00
231037404 5,05
232000703 4,90
232000712 3,20
232000721 3,25
232001120 9,00
232001139 2,55
232001148 2,75
232001362 7,75
232001371 2,65
232001380 4,20
232001390 0,80
232004480 6,00
232007956 5,25
232013891 7,75
232013917 9,50
232013926 7,00
232013935 8,50
232013944 8,50
232013953 5,25
232013962 9,50
232013971 9,50
232013980 7,25
232013990 7,00
232014001 5,00
232014010 5,25
232014020 6,50
232014039 6,00
232014048 7,25
232014333 6,50
232014342 1,60
232014351 0,70
232014360 0,20
232014370 5,70
232014389 7,50
232014398 0,65
232014404 9,25
232014413 4,45
232014422 8,25
232014431 0,10
232014450 4,00
232014478
232014487 3,45
232014511 1,00
232014656 7,50
232014665 10,00
232014683 0,10
232014692 6,75
232014709 5,75
232014718 3,70
232014745 6,25
232014754 1,15
232014763 4,25
232014772
232014781 0,50
232014790 1,50
232014807 4,80
232016300 4,40
232021211 0,20
232021276 3,60
232021338 2,45
232021688 0,00
232021786 1,00
232021795 3,80
232021893 0,60
232021900 0,70
232021919 2,35
232021928 2,40
232022012 1,40
232022086 2,75
232024966 4,55
232027500 2,40
232032135 0,10
232036401 1,50
232038442 1,75
